A
12
0 9 0 16
0 9 29 0
0 16 29 25
5 12 5 13
5 12 13 10
5 13 13 15
13 10 13 15
18 8 18 17
18 8 29 5
18 17 29 20
29 0 29 5
29 20 29 25
B
14
0 0 0 20
0 0 29 0
29 0 29 25
29 25 14 25
14 25 14 20
14 20 0 20
4 4 4 16
4 16 11 16
11 16 11 4
11 4 4 4
18 4 18 21
18 21 25 21
25 21 25 4
25 4 18 4
C
10
0 2 0 25
0 25 4 25
4 25 4 4
4 4 25 4
25 4 25 25
25 25 29 25
29 25 29 2
29 2 27 0
27 0 2 0
2 0 0 2
D
12
0 0 0 20
0 20 6 25
6 25 23 25
23 25 29 20
29 20 29 0
29 0 0 0
4 4 4 17
4 17 8 21
8 21 21 21
21 21 25 17
25 17 25 4
25 4 4 4
E
12
0 0 0 25
0 25 4 25
4 25 4 4
4 4 12 4
12 4 12 25
12 25 16 25
16 25 16 4
16 4 25 4
25 4 25 25
25 25 29 25
29 25 29 0
29 0 0 0
F
10
0 0 0 25
0 25 4 25
4 25 4 4
4 4 12 4
12 4 12 25
12 25 16 25
16 25 16 4
16 4 29 4
29 4 29 0
29 0 0 0
G
14
0 2 0 25
0 25 4 25
4 25 4 4
4 4 25 4
25 4 25 21
25 21 19 21
19 21 19 12
19 12 15 12
15 12 15 25
15 25 29 25
29 25 29 2
29 2 27 0
27 0 2 0
2 0 0 2
O
16
0 9 0 17
0 17 9 26
9 26 20 26
20 26 29 17
29 17 29 9
29 9 20 0
20 0 9 0
9 0 0 9
3 9 3 17
3 17 9 23
9 23 20 23
20 23 26 17
26 17 26 9
26 9 20 3
20 3 9 3
9 3 3 9
P
10
0 0 0 16
0 16 9 16
9 16 9 5
9 5 29 5
29 5 29 0
29 0 0 0
3 5 3 13
3 13 6 13
6 13 6 5
6 5 3 5
Q
10
0 10 0 26
0 26 29 26
29 26 29 21
29 21 10 21
10 21 10 10
10 10 0 10
3 14 3 21
3 21 7 21
7 21 7 14
7 14 3 14
R
13
0 0 0 23
0 23 11 23
11 23 11 10
11 10 29 23
29 23 29 18
29 18 11 5
11 5 29 5
29 5 29 0
29 0 0 0
3 5 3 18
3 18 8 18
8 18 8 5
8 5 3 5
S
12
0 0 0 26
0 26 4 26
4 26 4 5
4 5 9 5
9 5 9 26
9 26 29 26
29 26 29 0
29 0 25 0
25 0 25 21
25 21 13 21
13 21 13 0
13 0 0 0


